intrinsic:
271.9014019859472 0.0 382.68245217095154 
0.0 271.6423142413255 376.526224497164 
0.0 0.0 1.0 
distortion:
0.00712498569845848 0.07277243444347509 0.0025198699414247104 0.000590659193018499 -0.20260718442755413 
