intrinsic:
274.66214050001975 0.0 408.9867962861232 
0.0 274.1056206072173 370.05490348793137 
0.0 0.0 1.0 
distortion:
0.01739683933839072 0.007565404780758455 0.0007375328156429805 0.008445899563547809 0.005354295531746142 
